39
-5 -9 3 5 -1 -1 8 4 3 4 5 -6 7 7 3 -4 5 -10 -8 8 -9 -6 9 8 -1 0 5 5 0 0 7 3 1 -2 -3 10 7 -6 1 
97
215 258
571 620
3 651
564 641
569 627
97 458
85 354
75 709
178 746
348 649
38 479
277 440
232 526
302 736
110 387
325 498
160 516
164 258
162 677
660 694
10 465
338 421
235 266
72 495
62 443
353 720
380 413
501 516
125 329
37 106
406 715
302 323
437 466
580 598
234 493
350 698
375 687
338 481
44 705
358 553
492 638
142 710
91 431
87 658
566 759
65 565
64 366
500 759
431 703
156 190
15 539
73 261
283 317
360 742
79 514
716 717
97 647
60 730
169 479
19 146
82 264
327 455
434 448
47 370
108 736
526 750
470 646
182 231
64 624
541 574
349 577
382 673
87 331
255 732
29 750
145 292
51 600
370 491
125 409
80 740
357 516
253 701
23 46
434 542
66 86
335 662
414 716
427 501
250 266
166 627
91 644
14 330
40 463
383 459
214 320
410 707
202 570